
n_batch:128, n_oas_epoch:5, n_stand_epoch:5, optim:adagrad, lr:0.4712 lamb:0.000220480328005851, decay_rate:0.9903840888956048, n_dim:512, controller_optim:adam, n_controller_epoch:20, n_derive_sample:2
4 	 0.00 	 1023.54 	 0.0194  122.9 0.0100 0.0115 0.0138	0.0194 123.1 0.0091 0.0121 0.0166
best performance:4 	 0.00 	 1023.54 	 0.0194  122.9 0.0100 0.0115 0.0138	0.0194 123.1 0.0091 0.0121 0.0166

struct:[[4, 0, 4, 8, 3, 5, 0, 3, 4, 7, 3, 3, 3, 4, 3, 3], [0, 6, 3, 4, 2, 0, 3, 1, 8, 6, 4, 6, 6, 4, 3, 3], [6, 7, 6, 6, 5, 0, 6, 3, 2, 7, 5, 2, 0, 6, 3, 4], [0, 3, 3, 7, 1, 6, 6, 3, 1, 8, 7, 1, 7, 7, 2, 2]]
rela:[2, 2, 2, 3, 2, 3, 0, 2, 3, 2, 2, 2, 3, 0, 2, 0, 2, 1, 2, 3, 3, 2, 1, 2, 2, 2, 2, 2, 2, 3, 2, 2, 2, 2, 2, 2, 2, 2, 2, 2, 2, 2, 2, 2, 3, 2]
